0 3 0 0 0 0 0 0 2 10 1 1 0 0 4 0 0 0 2 2 2 0 0 0 0 0 1 0 0 0 0 0 
0 3 0 0 0 0 0 0 2 9 0 1 0 0 2 0 0 0 2 2 2 0 2 0 0 0 1 0 0 0 0 0 
0 2 0 1 0 0 0 0 2 9 0 1 0 0 2 0 0 0 2 2 2 0 2 0 0 0 1 0 0 0 0 0 
0 1 0 2 0 0 0 0 2 9 0 1 0 0 3 0 0 0 2 2 3 0 2 0 0 0 1 0 0 0 0 0 
0 3 0 0 0 0 0 0 2 11 0 1 0 0 2 0 0 0 2 2 2 0 0 0 0 0 1 0 0 0 0 0 
0 3 0 0 0 0 0 0 2 9 0 1 0 0 2 0 0 0 2 2 2 0 0 0 2 0 1 0 0 0 0 2 
0 3 0 0 0 0 0 0 2 9 0 1 0 0 4 0 0 0 2 2 3 0 0 0 0 0 1 0 0 0 0 0 
0 1 0 2 0 0 0 0 2 9 0 1 0 0 2 0 0 0 2 2 2 0 2 0 0 0 1 0 0 0 0 0 
0 1 0 2 0 0 0 0 2 9 0 1 0 0 2 0 0 0 2 2 2 0 0 0 2 0 1 0 0 0 0 2 
0 1 0 2 0 0 0 0 2 9 0 1 0 0 2 0 0 0 2 2 2 0 0 2 0 0 1 0 0 0 1 0 
0 0 0 3 0 0 1 0 1 9 0 1 0 0 3 0 0 0 2 2 2 2 1 0 0 0 1 0 0 0 0 0 
0 1 0 2 0 0 0 0 2 9 0 1 0 0 3 0 0 0 2 2 3 2 0 0 0 0 1 0 0 0 0 0 
0 1 0 2 0 0 0 0 2 9 0 1 0 0 3 0 0 0 2 2 3 2 0 0 0 0 1 0 0 0 0 0 
0 2 0 0 0 0 0 0 3 9 0 1 0 0 1 0 0 0 2 2 2 0 2 0 0 0 1 0 0 0 0 0 
0 2 0 0 0 0 0 0 3 9 0 1 0 0 3 0 0 0 2 2 3 0 0 0 0 0 1 0 0 0 0 0 
0 0 0 2 0 0 1 0 2 9 0 1 0 0 2 0 0 0 2 2 2 2 1 0 0 0 1 0 0 0 0 0 
0 0 0 1 0 0 1 0 3 9 0 1 0 0 1 0 0 0 2 2 2 2 1 0 0 0 1 0 0 0 0 0 
0 2 1 1 1 0 0 0 1 9 0 1 1 0 3 0 0 0 2 2 2 2 0 0 1 0 1 0 0 1 0 2 
0 2 0 1 0 0 0 0 2 9 0 1 0 0 2 0 0 0 2 2 2 2 0 0 0 0 1 0 0 0 0 0 
0 1 0 0 0 0 1 0 3 9 0 1 0 0 1 0 0 0 2 2 2 2 1 0 0 0 1 0 0 0 0 0 
0 0 0 1 0 0 0 1 3 9 0 1 0 0 1 0 0 0 2 2 2 2 0 0 1 0 1 0 0 0 0 2 
0 1 0 0 0 0 0 0 4 9 0 1 0 0 0 0 0 0 2 2 2 0 0 0 2 0 1 0 0 0 0 2 
0 2 0 0 0 0 0 0 0 7 0 1 0 0 0 0 0 0 2 2 2 0 0 0 0 0 1 0 0 0 0 0 
0 1 0 0 0 0 0 0 3 9 0 1 0 0 1 0 0 1 2 2 2 2 0 0 0 0 1 0 0 0 0 0 
1 1 0 0 0 0 0 0 4 11 0 1 0 0 3 0 0 0 2 2 2 2 0 0 0 0 1 0 0 0 0 0 
1 0 0 0 0 0 0 0 4 9 0 1 0 0 0 0 0 0 2 2 2 0 0 0 2 0 1 0 0 0 0 2 
0 3 0 0 0 0 0 0 2 9 0 1 0 0 2 0 0 0 2 2 2 2 0 0 0 0 1 0 0 0 0 0 
0 2 0 1 0 0 0 0 2 9 0 1 0 0 2 0 0 0 2 2 2 0 0 0 2 0 1 0 0 0 0 2 
1 0 0 1 0 0 0 0 3 9 0 1 0 0 1 0 0 0 2 2 2 2 0 0 0 0 1 0 0 0 0 0 
0 2 0 1 0 0 0 0 2 9 0 1 0 0 2 0 0 0 2 2 2 2 0 0 0 0 1 0 0 0 0 0 
0 2 0 0 0 0 0 0 3 11 0 1 0 0 1 0 0 0 2 2 2 0 0 0 0 0 1 0 0 0 0 0 
0 2 0 1 0 0 0 0 2 11 0 1 0 0 3 0 0 0 3 2 2 2 0 0 1 0 1 1 0 0 0 2 
0 0 0 2 0 0 0 0 2 5 0 1 2 2 2 0 0 0 2 2 2 0 0 0 1 0 1 0 0 1 0 2 
0 1 0 2 0 0 0 0 2 9 0 1 0 0 4 0 0 0 2 2 3 0 0 0 0 0 1 0 0 0 0 0 
1 0 0 0 0 0 0 0 1 5 0 1 0 0 1 1 0 0 2 2 2 0 0 0 0 3 1 0 0 0 0 0 
0 0 0 0 0 0 0 0 1 5 0 1 0 0 1 1 1 0 2 2 2 0 0 0 0 3 1 0 0 0 0 0 
0 1 0 1 0 0 0 0 0 7 0 1 0 0 0 0 0 0 2 2 2 0 0 0 0 0 1 0 0 0 0 0 
0 2 0 0 0 0 0 0 2 5 0 1 2 2 2 0 0 0 2 2 2 0 0 0 1 0 1 0 0 1 0 2 
0 1 0 0 0 0 0 0 3 5 0 1 2 2 1 0 0 0 2 2 2 0 0 0 1 0 1 0 0 1 0 2 
0 0 0 0 0 0 0 0 6 7 0 1 0 0 0 0 0 0 2 2 2 0 0 0 2 0 1 0 0 0 0 2 
0 0 0 1 0 0 0 0 5 7 0 1 0 0 3 0 0 0 2 2 3 0 0 0 0 0 1 0 0 0 0 0 
0 0 0 0 0 0 0 0 2 5 0 1 0 0 0 1 0 0 2 2 2 0 0 0 0 3 1 0 0 0 0 0 
0 0 0 2 0 0 0 0 0 7 0 1 0 0 0 0 0 0 2 2 2 0 0 0 0 0 1 0 0 0 0 0 
0 0 0 0 0 0 0 0 2 6 1 1 0 0 0 0 0 0 2 2 2 0 0 0 0 0 1 0 0 0 0 0 
0 1 0 1 0 0 0 0 3 9 0 1 0 0 1 0 0 0 2 2 2 2 0 0 0 0 1 0 0 0 0 0 
0 1 0 0 0 0 0 0 5 11 0 1 0 0 2 0 0 0 2 2 2 0 2 0 0 0 1 0 0 0 0 0 
0 1 0 0 0 0 0 0 2 5 0 1 0 0 0 0 0 0 2 2 2 0 0 0 0 0 1 0 0 0 0 0 
0 2 0 0 0 1 0 0 0 5 0 1 0 0 2 0 0 0 2 2 2 1 0 0 0 0 1 0 0 0 0 0 
0 0 0 0 0 0 0 0 2 5 0 1 0 0 0 0 0 0 2 3 2 0 0 0 0 0 1 0 2 0 0 0 
0 0 0 0 0 0 0 0 6 7 0 1 0 0 0 0 0 0 2 2 2 2 0 0 0 0 1 0 0 0 0 0 
0 0 0 0 0 0 0 1 2 5 0 1 0 0 0 0 0 0 2 2 2 0 0 0 1 0 1 0 0 0 0 2 
0 0 0 0 0 2 0 0 0 7 0 1 0 0 0 0 0 0 2 2 2 2 0 0 0 0 1 0 0 0 0 0 
0 0 0 0 0 0 0 0 4 3 0 1 0 0 0 0 0 0 2 2 2 0 0 0 0 0 1 0 0 0 0 0 
0 0 0 0 0 3 0 0 0 5 0 1 0 0 2 0 0 0 2 2 2 3 0 0 0 0 1 0 0 0 0 0 

